UNKNOWN                 
1 81011U          26279.02078069  .00001822  00000+0  10002-2 0  9996
2 81011  99.3589 304.9538 0132917  47.4758 313.7545 14.08708810 25356
UNKNOWN                 
1 81015U          26269.30864675  .00002067  00000+0  11322-2 0  9994
2 81015  99.3606 294.8626 0134011  74.3536 343.6215 14.08575185 23143
UNKNOWN                 
1 81021U          26279.03412507  .00000929  00000+0  34147-3 0  9991
2 81021  74.0376 132.4140 0025678 144.7330 215.5527 14.33899792 28558
UNKNOWN                 
1 81036U          26282.49788373  .00002596  00000+0  51062-2 0  9994
2 81036  66.0967  95.0211 2602635  90.8337 298.8162  9.33812515 49787
UNKNOWN                 
1 81052U          26277.50447563  .00003697  00000+0  10114-2 0  9997
2 81052  65.7722   0.1917 0544459 164.5536 197.2923 13.85852678641261
UNKNOWN                 
1 81069U          26282.53307602  .00003014  00000+0  38866-2 0  9990
2 81069 100.3791 207.3664 0069930  20.8511 339.5456 13.62378211556868
UNKNOWN                 
1 81072U          26268.50295615  .00294207  00000+0  24131+0 0  9998
2 81072  89.0047  11.8303 0005468 258.8960 101.1597 13.87211087   298
UNKNOWN                 
1 81111U          26282.97999107  .00012557  00000+0  22613-2 0  9998
2 81111  62.8568  93.0378 3819285   9.6209 356.0480  7.65016468294847
UNKNOWN                 
1 81123U          26282.50525404  .00000824  00000+0  80953-3 0  9991
2 81123  99.9698  25.9688 0002021  30.7677 329.3593 13.82223605647823
UNKNOWN                 
1 81219U          26282.32292654  .00000414  00000+0  37046-3 0  9995
2 81219  82.9251 140.3256 0022414  84.7855 275.5862 13.82063365649035
UNKNOWN                 
1 81228U          26282.38862565  .00001784  00000+0  52744-3 0  9998
2 81228  70.5179 320.0569 0060146 272.0461  87.3786 14.43915779669455
UNKNOWN                 
1 81254U          26282.25791889  .00002684  00000+0  17058-2 0  9991
2 81254 100.3846  30.9736 0069927 355.6228   4.4314 14.03667675655025
UNKNOWN                 
1 81279U          26280.33352689  .00000601  00000+0  24196-3 0  9995
2 81279  98.0929 320.3136 0205231 228.8570 129.4741 14.20562409504986
UNKNOWN                 
1 81301U          26281.42948008  .00000044  00000+0  11673-3 0  9995
2 81301  66.7580 299.9965 0085332  24.5764  41.6082 13.76863606647616
UNKNOWN                 
1 81311U          26282.45938954  .00000293  00000+0  70221-4 0  9990
2 81311  98.6972 358.3354 0129453 284.9466 138.4401 14.56908900683371
UNKNOWN                 
1 81317U          26282.88236332 -.00000002  00000+0  10322-3 0  9998
2 81317  67.1356 233.4286 0214182 186.8378 206.2085 13.38131688628929
UNKNOWN                 
1 81323U          26283.64578678  .00005722  00000+0  72870-3 0  9991
2 81323  65.7466 257.9734 0305591 153.5389 208.1694 14.54606524156871
UNKNOWN                 
1 81329U          26272.00644857  .00000360  00000+0  15106-3 0  9990
2 81329  65.8201 185.2901 0840505 259.1748  91.3695 13.23195543616474
UNKNOWN                 
1 81343U          26279.61941691  .00005082  00000+0  33460-3 0  9995
2 81343  85.8872  39.6173 0000912 156.6428 203.4849 15.07318578499144
UNKNOWN                 
1 81359U          26282.35856833  .00000629  00000+0  65491-3 0  9991
2 81359  66.7984  52.1844 0109145 122.4287 238.7399 13.79268917646930
UNKNOWN                 
1 81366U          26278.87915261  .00000270  00000+0  11985-3 0  9993
2 81366  65.8818  88.2856 0724394 298.2827  54.6953 13.45765305105935
UNKNOWN                 
1 81371U          26279.61131553  .00002561  00000+0  39993-3 0  9990
2 81371  98.8321  45.7006 0068061 154.6408 205.8163 14.72322837685647
UNKNOWN                 
1 81386U          26278.69115539  .00003207  00000+0  10053-2 0  9992
2 81386  71.0455  70.5912 0087193 333.2694  26.3959 14.39174013666928
UNKNOWN                 
1 81390U          26269.96619580  .00000121  00000+0  12813-2 0  9990
2 81390 103.0950 182.7773 0181379   0.6338 359.4920 12.35646434535693
UNKNOWN                 
1 81392U          26279.03370751  .00001898  00000+0  17659-2 0  9990
2 81392 100.4014 302.9237 0036467 354.1008  34.5176 13.83334416643261
UNKNOWN                 
1 81405U          26257.38309362  .00001150  00000+0  88260-3 0  9997
2 81405  99.4490 314.8088 0159447 205.7089 153.6080 13.89596879600079
UNKNOWN                 
1 81406U          26282.49658082 -.00000251  00000+0 -63666-4 0  9991
2 81406  65.8182 197.3145 0860516 187.0750 171.7467 13.12996738573158
UNKNOWN                 
1 81427U          26268.90472860  .00000539  00000+0  33557-3 0  9994
2 81427  98.7136 146.4234 0083841 309.8517  49.5298 14.07362369592159
UNKNOWN                 
1 81438U          26270.94516428  .00002249  00000+0  32483-2 0  9998
2 81438 100.3450 160.9913 0052027  75.7762 284.9145 13.56112869631126
UNKNOWN                 
1 81439U          26282.63440958  .00000185  00000+0  66136-3 0  9992
2 81439  67.1591 280.0071 0596437  16.9505 345.0522 12.62739268299887
UNKNOWN                 
1 81478U          26282.26970587  .00001902  00000+0  67403-3 0  9996
2 81478  98.9494 207.4163 0141057 204.8342 309.0771 14.30350977665875
UNKNOWN                 
1 81488U          26282.15666478  .00000235  00000+0  39555-3 0  9991
2 81488  99.9591 163.7580 0044439 333.9398 180.0494 13.56726668637366
UNKNOWN                 
1 81497U          26279.59168139  .00002790  00000+0  24577-2 0  9991
2 81497 100.2951 208.1034 0028570 329.4684 206.3011 13.86091919257537
UNKNOWN                 
1 81499U          26282.25649411  .00001519  00000+0  41204-3 0  9992
2 81499  74.0500  19.0658 0001341  17.6129 342.5077 14.48481586525912
UNKNOWN                 
1 81535U          26283.42596710  .00000547  00000+0  23888-3 0  9994
2 81535  98.1738 345.6551 0233345 355.1193   4.7708 14.13998199430025
UNKNOWN                 
1 81536U          26282.11598434  .00000571  00000+0  37326-2 0  9993
2 81536 101.9675 151.9544 0030180  42.0793 112.3034 12.56212395589529
UNKNOWN                 
1 81537U          26283.50615239 -.00000008  00000+0  22032-4 0  9997
2 81537  71.0394 204.8307 0075251  56.3858 304.4412 14.07260421662918
UNKNOWN                 
1 81552U          26278.49809115  .00000568  00000+0  12889-2 0  9991
2 81552  99.0533 169.4039 0257467  25.8848 335.4894 13.18636093618359
UNKNOWN                 
1 81599U          26281.60988742  .00001455  00000+0  26419-2 0  9993
2 81599  67.2975 352.0875 0253538 229.6927 202.5530 13.31790829625006
UNKNOWN                 
1 81605U          26282.69571947  .00000750  00000+0  35451-2 0  9999
2 81605  56.4371  80.9418 0122903 190.5479 169.2865 12.81717945224785
UNKNOWN                 
1 81614U          26282.91696827  .00004434  00000+0  25538-1 0  9996
2 81614 101.8750 275.7122 0394696 310.1014  46.6073 12.40123067575275
UNKNOWN                 
1 81615U          26282.88061828  .00000630  00000+0  24381-3 0  9991
2 81615  65.8246  79.6670 0773503 355.8792   3.6107 13.35220498623053
UNKNOWN                 
1 81617U          26282.40174105  .00000244  00000+0  16994-2 0  9995
2 81617 101.2875  89.1019 0033641 359.3353   0.7674 12.57747477590903
UNKNOWN                 
1 81624U          26279.80224593  .00002978  00000+0  45231-3 0  9993
2 81624  66.9725  60.8815 0062842 339.3796  20.4791 14.74238294683608
UNKNOWN                 
1 81640U          26281.32675956  .00000212  00000+0  23814-3 0  9996
2 81640  65.8237 239.2580 0989914 316.0102  36.6084 12.57397898547747
UNKNOWN                 
1 81652U          26281.83076955  .00000761  00000+0  93911-3 0  9993
2 81652 102.1497 237.5881 0364470  47.9202 344.0085 13.44738176618980
UNKNOWN                 
1 81667U          26282.17228652  .00001279  00000+0  34178-3 0  9995
2 81667  74.0394 193.6245 0013258  50.3318 309.9009 14.49315222500150
UNKNOWN                 
1 81674U          26283.38507689  .00000667  00000+0  41824-3 0  9993
2 81674  66.8234 324.2835 0025345 349.1638  25.6283 14.10514162656252
UNKNOWN                 
1 81683U          26280.88287184  .00001719  00000+0  36036-3 0  9998
2 81683  81.2143 339.3801 0025310 102.9975 257.4051 14.59149985679469
UNKNOWN                 
1 81693U          26268.33152739  .00000359  00000+0  28215-2 0  9990
2 81693 101.1211 303.7716 0378636 261.9066  93.8883 12.26271357   135
UNKNOWN                 
1 81745U          26283.11264903  .00001499  00000+0  47616-3 0  9991
2 81745  70.9979  87.0874 0003690  92.5539 267.6020 14.41578020673161
UNKNOWN                 
1 81749U          26276.23574171  .00000074  00000+0  38441-3 0  9995
2 81749  99.6716 268.7762 0363648 285.3444 140.3856 12.77694480599612
UNKNOWN                 
1 81775U          26281.88687363  .00003507  00000+0  10159-2 0  9998
2 81775  82.9176 334.7092 0016673  37.4593 322.7760 14.44186332668558
UNKNOWN                 
1 81792U          26282.05273115  .00001721  00000+0  65573-3 0  9990
2 81792  65.8047 140.2739 0883193 149.5157 216.0426 13.11684399119411
UNKNOWN                 
1 81812U          26282.84189085  .00005927  00000+0  38051-1 0  9993
2 81812 103.6791 237.7744 0310557  72.2012 291.2670 12.39598263577844
UNKNOWN                 
1 81816U          26281.94615062  .00000525  00000+0  43993-3 0  9998
2 81816  66.2367 267.2132 0162526  70.2974 291.5552 13.90155415651061
UNKNOWN                 
1 81819U          26281.24738127  .00000601  00000+0  43616-2 0  9998
2 81819 102.1809  27.7569 0035330 269.8783  89.8236 12.48049428585379
UNKNOWN                 
1 81824U          26282.85907558  .00003354  00000+0  11279-2 0  9996
2 81824  65.8392 233.1226 0039484 192.1869 167.8275 14.37966875667855
UNKNOWN                 
1 81838U          26283.42068436  .00004094  00000+0  86017-3 0  9993
2 81838  67.7589 195.2674 0034940  74.5870  37.6177 14.60135689677337
UNKNOWN                 
1 81844U          26283.62344841  .00004719  00000+0  15865-2 0  9995
2 81844  82.9116  34.5020 0056903 304.3220  55.2591 14.36091349666178
UNKNOWN                 
1 81845U          26281.45793927  .00001106  00000+0  12268-3 0  9990
2 81845  97.6794 103.0950 0086392  38.3234 352.5493 14.86576518694033
UNKNOWN                 
1 81864U          26275.77434411  .00000375  00000+0  16925-3 0  9990
2 81864  65.6686  98.8909 0771512 247.0155 104.7745 13.33098125590025
UNKNOWN                 
1 81865U          26283.38563865  .00000836  00000+0  67146-3 0  9996
2 81865  82.8054 155.6609 0060195 226.1355 258.8549 13.88706444650405
UNKNOWN                 
1 81893U          26282.23520050  .00000678  00000+0  73277-3 0  9995
2 81893 100.0644 287.6219 0020511 217.1533 142.8196 13.77268230645434
UNKNOWN                 
1 81899U          26282.67988678  .00000953  00000+0  22796-2 0  9998
2 81899 102.4118  83.9442 0177686 295.9617  62.3279 13.21122153618711
UNKNOWN                 
1 81921U          26282.74146414  .00000256  00000+0  13059-3 0  9995
2 81921  65.7043  89.2965 0853122 344.9404  12.7587 13.16003377 65389
UNKNOWN                 
1 81947U          26276.11087334  .00001471  00000+0  14120-3 0  9992
2 81947  66.0715  64.8136 0377101 318.9424  38.3846 14.55605801673827
UNKNOWN                 
1 81964U          26283.24151823  .00000120  00000+0  14453-3 0  9997
2 81964  66.5839 229.8836 0043251 250.6726 108.9675 13.95959199656124
UNKNOWN                 
1 81969U          26281.28878229  .00008540  00000+0  43113-3 0  9999
2 81969  86.6875  22.6092 0006042 130.0117 230.1656 15.16949780485506
UNKNOWN                 
1 81995U          26277.14815241  .00004857  00000+0  95776-3 0  9992
2 81995  65.7444  69.1219 0495275 150.3974 212.6150 14.06750363645741
UNKNOWN                 
1 82043U          26282.59105983  .00001605  00000+0  44506-3 0  9990
2 82043  97.9688  52.0611 0226556 257.7352  99.8384 14.33888051616946
UNKNOWN                 
1 82051U          26277.01223553  .00002690  00000+0  85034-3 0  9990
2 82051  98.7417  12.4722 0089563 105.9908 255.1167 14.38754741614838
UNKNOWN                 
1 82073U          26283.38494268  .00001504  00000+0  38092-3 0  9999
2 82073  97.7195 335.5802 0205138  85.5689 276.8906 14.40231095618525
UNKNOWN                 
1 82139U          26280.14993457  .00001485  00000+0  74184-3 0  9997
2 82139  99.0058 356.5907 0080594 274.8939  84.3037 14.16727090522358
UNKNOWN                 
1 82162U          26283.56416189  .00002540  00000+0  37033-2 0  9998
2 82162 100.4483 230.5903 0042945 223.4637 136.3109 13.55582146545179
UNKNOWN                 
1 82180U          26283.04090090  .00011680  00000+0  14637-2 0  9990
2 82180  65.6509 149.9978 0271668  57.0789 305.6132 14.59767580645619
UNKNOWN                 
1 82189U          26280.51664908  .00000148  00000+0  60556-4 0  9993
2 82189  74.0349 220.3935 0016859 334.7733  25.2594 14.35382555675286
UNKNOWN                 
1 82199U          26282.50554461  .00000365  00000+0  30212-3 0  9993
2 82199  82.9705   7.7039 0035920 259.7058 111.7047 13.86059157651359
UNKNOWN                 
1 82205U          26281.55984229  .00000849  00000+0  24687-3 0  9990
2 82205  63.0030 112.8631 0508614 323.4695  33.2632 13.94729384649805
UNKNOWN                 
1 82223U          26279.69099508  .00001167  00000+0  63763-3 0  9991
2 82223  99.2998 182.2565 0066117 234.4624 125.0370 14.13071173490852
UNKNOWN                 
1 82250U          26281.99245667  .00002580  00000+0  13056-2 0  9995
2 82250  98.8980 191.7907 0072044  56.9266   6.7431 14.15655166659096
UNKNOWN                 
1 82272U          26268.62100025  .00000617  00000+0  20461-2 0  9999
2 82272  67.5280  41.0468 0756208 282.3422  69.3994 12.33719713307327
UNKNOWN                 
1 82303U          26283.24681922  .00018037  00000+0  11442-1 0  9992
2 82303  81.9327  98.8982 0066714 226.2390 254.3613 14.02639774556474
UNKNOWN                 
1 82311U          26282.85669482  .00000549  00000+0  82937-3 0  9992
2 82311  99.4091 327.7192 0108406 266.4318  92.4416 13.54906724591090
UNKNOWN                 
1 82363U          26272.05607591  .00000279  00000+0  52933-3 0  9996
2 82363  66.9385 292.2422 0457728 338.8114  19.4490 13.15808757328459
UNKNOWN                 
1 82369U          26282.78735219 -.00000104  00000+0 -41753-4 0  9990
2 82369  98.8890 293.6607 0082833 226.1977 133.2317 13.98313903599242
UNKNOWN                 
1 82381U          26283.42105619  .00024240  00000+0  22392-2 0  9992
2 82381  98.3697 170.5729 0004775 255.4796 104.5892 14.94583727555686
UNKNOWN                 
1 82402U          26282.01982866  .00005109  00000+0  34061-3 0  9997
2 82402  86.6532  25.3026 0011747 153.0140 207.1709 15.06802753499645
UNKNOWN                 
1 82432U          26279.01836774  .00000715  00000+0  15408-3 0  9994
2 82432  74.0051 133.0814 0056059 224.6508 135.0136 14.59489288526268
UNKNOWN                 
1 82448U          26282.28464834  .00004003  00000+0  26437-3 0  9996
2 82448  85.8805  38.2069 0000905 158.8986 201.2287 15.07141468482260
UNKNOWN                 
1 82453U          26282.83572208 -.00000012  00000+0  25145-3 0  9990
2 82453 102.2185 244.5543 0094422  12.5738 347.7650 12.39732443583373
UNKNOWN                 
1 82458U          26269.95428704  .00001995  00000+0  87888-3 0  9996
2 82458  66.5107 151.3502 0055030 183.8015 176.2669 14.24681528651077
UNKNOWN                 
1 82484U          26278.97808708  .00000099  00000+0  19974-3 0  9998
2 82484  99.3418 290.1234 0044724 159.7991 200.4929 13.55911495630913
UNKNOWN                 
1 82494U          26279.35711140  .00012591  00000+0  11154-2 0  9996
2 82494  74.0031 143.5354 0007816 196.9649 163.1276 14.96269522129346
UNKNOWN                 
1 82500U          26278.21055229  .00001547  00000+0  69219-3 0  9992
2 82500  70.9634  95.2884 0120413  22.8611 337.7810 14.20349363661022
UNKNOWN                 
1 82524U          26282.49788403  .00002173  00000+0  67102-3 0  9995
2 82524  73.2799 323.5544 0127291  78.0943 350.0541 14.37468001620223
UNKNOWN                 
1 82529U          26277.97125756  .00000145  00000+0  28647-3 0  9991
2 82529  99.7749 356.8865 0241857 237.8281 300.4219 13.41523528629451
UNKNOWN                 
1 82560U          26283.67595088  .00000939  00000+0  78471-3 0  9990
2 82560 100.0144 254.1424 0009143 234.2992 302.7549 13.91319806653840
UNKNOWN                 
1 82597U          26276.12365155  .00000711  00000+0  25989-3 0  9996
2 82597  66.7703  92.1721 0085646  90.8262 270.2655 14.36652585671253
UNKNOWN                 
1 82617U          26283.59189908  .00000439  00000+0  12037-3 0  9995
2 82617  74.0288  36.8676 0039359 266.1926  93.4734 14.49753122680565
UNKNOWN                 
1 82627U          26279.77390729  .00000293  00000+0  73325-3 0  9991
2 82627  82.4775  36.0237 0013564 102.5898  51.3349 13.16686351618047
UNKNOWN                 
1 82642U          26282.20905976  .00001169  00000+0  65313-3 0  9997
2 82642  98.9656 195.8907 0134512 114.3088 247.2196 14.08233703658413
UNKNOWN                 
1 82683U          26282.38821103  .00000693  00000+0  27403-3 0  9999
2 82683  98.1382 333.3538 0208345 234.4698 123.6895 14.20780060504951
UNKNOWN                 
1 82693U          26278.94986513  .00001636  00000+0  18811-2 0  9994
2 82693 100.5301 275.1101 0044095   3.8574 356.2901 13.70865976594462
UNKNOWN                 
1 82698U          26283.66729969  .00000386  00000+0  26086-3 0  9999
2 82698  61.6039  60.9675 0703262  40.7413 324.4053 13.30357248578537
UNKNOWN                 
1 82708U          26271.42278295  .00001007  00000+0  39507-2 0  9995
2 82708 102.1457 147.4879 0067511  56.1272 304.6220 12.91075362560891
UNKNOWN                 
1 82729U          26277.94479295  .00000362  00000+0  13165-2 0  9999
2 82729  67.9736 353.5126 0835964 168.1326 194.0793 12.18103748571275
UNKNOWN                 
1 82739U          26281.92627402  .00001461  00000+0  12189-2 0  9994
2 82739  99.1138  73.5081 0171385 208.7990 305.6492 13.83495184647604
UNKNOWN                 
1 82741U          26282.84949246  .00002749  00000+0  29310-2 0  9996
2 82741 102.8450  60.5863 0196360 309.9425  48.4598 13.67393327638211
UNKNOWN                 
1 82798U          26262.45591271  .00001184  00000+0  50666-3 0  9995
2 82798  82.9509 326.5773 0030149  45.1891 327.5395 14.23972341352311
UNKNOWN                 
1 82820U          26282.82110797  .00001822  00000+0  62940-3 0  9991
2 82820  99.7875 129.2160 0046394 236.5100 123.1644 14.36673592668840
UNKNOWN                 
1 82854U          26281.05981601  .00001244  00000+0  95839-3 0  9993
2 82854  82.6918 189.6507 0123917 150.3724 210.4536 13.88710232649335
UNKNOWN                 
1 82873U          26283.63619055  .00002406  00000+0  10184-2 0  9991
2 82873  99.9946 224.5639 0036591 160.3959 199.8632 14.26277280664243
UNKNOWN                 
1 82875U          26282.69088474  .00000250  00000+0  76991-4 0  9998
2 82875  98.7079 264.3102 0377224 139.5403 223.4483 14.15580111587047
UNKNOWN                 
1 82893U          26282.31461851  .00004994  00000+0  17321-2 0  9990
2 82893  98.9678  53.3513 0023907 239.6321 120.2499 14.35895587467050
UNKNOWN                 
1 82912U          26280.19108852  .00000706  00000+0  33855-3 0  9993
2 82912  65.8340 205.6084 0755828 132.3401 234.4246 13.29212129618972
UNKNOWN                 
1 82961U          26280.34335990  .00005203  00000+0  79266-2 0  9991
2 82961  99.6706  63.6462 0360920  14.5970 346.5256 13.29309684595317
UNKNOWN                 
1 82965U          26279.48717273  .00000606  00000+0  86834-3 0  9998
2 82965 100.1098  13.6460 0002348 132.7688 227.3648 13.60549270564939
UNKNOWN                 
1 83903U          26275.95643105 -.00000323  00000+0  00000+0 0  9995
2 83903   5.4684 288.1799 0124604 259.7258 125.0826  0.99115879 46587
UNKNOWN                 
1 83934U          26283.54383154 -.00000180  00000+0  00000+0 0  9999
2 83934   5.1143 295.7532 0237652 279.1286 129.1629  1.02662163 48386
UNKNOWN                 
1 84006U          26282.09555792  .00000006  00000+0  00000+0 0  9994
2 84006  22.8750 116.5108 6135223 165.4652 226.4565  2.16232237 90723
UNKNOWN                 
1 84232U          26282.81666406  .00004981  00000+0  39876-2 0  9992
2 84232  20.3503  93.0085 6438159  31.4618 354.6417  3.33893511114538
UNKNOWN                 
1 84236U          26280.70529859  .00001388  00000+0  73816-2 0  9992
2 84236   8.9946 197.6036 6905723   3.2723 359.5203  2.63107678121845
UNKNOWN                 
1 84292U          26279.83464569  .00001540  00000+0  10997-2 0  9993
2 84292  23.8292 107.3878 4534838 238.3568  69.5380  6.23114919246646
UNKNOWN                 
1 84406U          26263.22981486  .00000261  00000+0  15952-2 0  9993
2 84406 101.7444  56.3037 0047560 202.3336 332.2102 12.67647254 84953
UNKNOWN                 
1 84407U          26282.76256424 -.00000337  00000+0 -66862-2 0  9993
2 84407  18.5930 232.2461 7237477 226.9138  44.2166  2.05819188 82071
UNKNOWN                 
1 84575U          26281.21911797  .00000162  00000+0  95556-2 0  9995
2 84575  18.7555  57.3717 7133645 206.7695  84.2195  2.19919566 72057
UNKNOWN                 
1 84932U          26283.54096579 -.00000411  00000+0 -39762-2 0  9998
2 84932   2.2337  68.7626 6550558  32.9797 279.4604  3.00169505140849
UNKNOWN                 
1 85004U          26282.88610484  .00000729  00000+0  23419-3 0  9995
2 85004  98.4586 255.3033 0046333 338.5294  50.7874 14.41702116674288
UNKNOWN                 
1 85006U          26281.08333593  .00001601  00000+0  80079-3 0  9996
2 85006  98.8377 332.4348 0006000  10.2565 349.8731 14.18166564 19079
UNKNOWN                 
1 85010U          26278.36732505  .00000709  00000+0  77804-3 0  9994
2 85010  99.2238 136.0230 0023746 193.3754 342.0274 13.75619948644692
UNKNOWN                 
1 85015U          26282.00549830  .00000298  00000+0  64584-4 0  9997
2 85015  74.0494 183.4636 0015192   6.0879 354.0470 14.62583721686505
UNKNOWN                 
1 85023U          26279.73678204  .00024191  00000+0  24629-2 0  9992
2 85023  99.8333   8.6262 0002551 170.6705 341.6640 14.90733474673000
UNKNOWN                 
1 85027U          26281.47249567  .00000044  00000+0  11656-3 0  9994
2 85027  66.0397  87.4936 0171365  25.8070 335.1418 13.74357046645805
UNKNOWN                 
1 85047U          26281.06118396  .00007095  00000+0  10733-1 0  9992
2 85047 102.1713 315.6333 0105047  78.1658 283.1227 13.50734241616982
UNKNOWN                 
1 85061U          26281.99550043  .00002389  00000+0  93396-2 0  9997
2 85061 102.4057 298.9687 0270969 321.4779  64.4849 12.78933481594140
UNKNOWN                 
1 85100U          26282.64315013  .00000215  00000+0  75120-4 0  9993
2 85100  74.0479  26.3831 0012362 185.2045 239.3090 14.40913401676685
UNKNOWN                 
1 85106U          26282.56434120  .00000387  00000+0  47088-3 0  9992
2 85106 100.0747  43.4818 0009043 326.9271  94.0221 13.73248780644358
UNKNOWN                 
1 85151U          26282.41644523  .00017809  00000+0  18154-2 0  9994
2 85151  98.3791 167.6160 0005122 264.6226  95.4406 14.90732859524168
UNKNOWN                 
1 85210U          26279.66514069  .00000525  00000+0  53855-3 0  9999
2 85210  99.8838  74.2568 0213109 271.1917 150.0904 13.71954000643001
UNKNOWN                 
1 85217U          26283.44913696  .00001186  00000+0  31839-3 0  9998
2 85217  98.0190   3.2232 0203507 295.5204  62.5064 14.38410298671218
UNKNOWN                 
1 85237U          26273.12955762  .00000983  00000+0  20942-3 0  9991
2 85237  65.5314 167.9766 0518430 256.4659  97.8176 14.03608315649212
UNKNOWN                 
1 85238U          26283.59513247  .00000016  00000+0  47822-4 0  9996
2 85238  99.0749 209.4248 0064219 104.2911  70.1622 13.88387866652723
UNKNOWN                 
1 85246U          26282.72087591  .00000640  00000+0  23810-3 0  9990
2 85246  98.0055 263.4192 0221897 135.4155 226.5114 14.22274704665847
UNKNOWN                 
1 85373U          26282.72513205  .00001916  00000+0  12961-2 0  9998
2 85373 100.4106   5.6064 0050054 167.3389 344.3274 14.01250685654264
UNKNOWN                 
1 85414U          26262.03489657  .00009851  00000+0  36313-2 0  9992
2 85414  89.0010 270.6240 0011155  19.4534 340.7087 14.32429805 45200
UNKNOWN                 
1 87014U          26281.94001096  .00001589  00000+0  24349-2 0  9994
2 87014 100.4735 267.8470 0043957 237.6482 148.3874 13.53150826631500
UNKNOWN                 
1 87029U          26280.88072782  .00000859  00000+0  54191-3 0  9990
2 87029  98.7288 310.2293 0082652 130.2805 230.5627 14.05057520635000
UNKNOWN                 
1 87042U          26281.05946965  .00000362  00000+0  23776-3 0  9992
2 87042  98.6825 318.0747 0042256 331.5286  28.3576 14.07533124596065
UNKNOWN                 
1 87051U          26283.30388334  .00002611  00000+0  88543-3 0  9994
2 87051  65.7258 254.7622 0715511   3.1471 357.3732 13.46961884629186
UNKNOWN                 
1 87054U          26282.59396003  .00001022  00000+0  58620-3 0  9997
2 87054 100.0808 204.0108 0011318 255.9848 104.0061 14.12125012658777
UNKNOWN                 
1 87071U          26283.01958571  .00001816  00000+0  63892-3 0  9996
2 87071  61.2138  94.4643 0484754  27.4808 335.0976 13.87888820644276
UNKNOWN                 
1 87129U          26281.75864779  .00000099  00000+0  10463-2 0  9992
2 87129 102.2623  21.2886 0033843 245.4550 114.2985 12.42929435583948
UNKNOWN                 
1 87159U          26278.70804593  .00000740  00000+0  84563-3 0  9990
2 87159  90.3472  80.1252 0104355  95.5780 265.7292 13.66729423597240
UNKNOWN                 
1 87163U          26282.80384211  .00002002  00000+0  56503-3 0  9997
2 87163  65.5991 212.4041 0655896 291.7149  61.5333 13.65495209618604
UNKNOWN                 
1 87164U          26283.40576494  .00002918  00000+0  56106-3 0  9996
2 87164  65.2029 169.5654 0121114 288.6857  70.1128 14.60799406679807
UNKNOWN                 
1 87204U          26281.32112314  .00001154  00000+0  45448-3 0  9995
2 87204  98.5083 140.9969 0044339 160.8364 199.4499 14.30491229668252
UNKNOWN                 
1 87211U          26279.87659784  .00001547  00000+0  42157-3 0  9997
2 87211  99.0783 306.5496 0051348 352.3409 132.5753 14.48242950750903
UNKNOWN                 
1 87214U          26279.05852834  .00001400  00000+0  12633-2 0  9994
2 87214 100.3206 312.0557 0067880 208.6122 151.1297 13.84927621641380
UNKNOWN                 
1 87237U          26281.01642543  .00000137  00000+0  13617-3 0  9992
2 87237  99.2192 340.2998 0103263 193.8939 286.4425 13.91983223653391
UNKNOWN                 
1 87239U          26282.72353384  .00005066  00000+0  11245-2 0  9995
2 87239  82.8733 186.0520 0015875 155.0332 205.1641 14.56856164671637
UNKNOWN                 
1 87245U          26282.55081002  .00003618  00000+0  69849-3 0  9993
2 87245  65.6391 321.3158 0434698 331.9130 179.0656 14.18455108656834
UNKNOWN                 
1 87271U          26282.32259472  .00002433  00000+0  41443-3 0  9999
2 87271  65.7513 145.3229 0425344 277.8165  77.4848 14.25452148655165
UNKNOWN                 
1 87280U          26283.53853851  .00000172  00000+0  39219-3 0  9990
2 87280  64.6154 208.7890 0115367 197.8323 161.8653 13.48805178574554
UNKNOWN                 
1 87293U          26282.81977699  .00008222  00000+0  15536-2 0  9990
2 87293  65.8959  62.3361 0418123 197.9705 160.6221 14.21265582656743
UNKNOWN                 
1 87300U          26259.31839935  .00001108  00000+0  78411-3 0  9996
2 87300 100.0897 275.0872 0025232 270.5311  89.2959 14.00204202651952
UNKNOWN                 
1 87304U          26277.77547075  .00000703  00000+0  10609-3 0  9996
2 87304  74.0155 100.9244 0017637 351.3639   8.7229 14.76341087690150
UNKNOWN                 
1 87320U          26282.44800167  .00001121  00000+0  71018-3 0  9994
2 87320  66.5916  86.2276 0422875 223.9544 132.7166 13.70918049634958
UNKNOWN                 
1 87334U          26282.94391671  .00016466  00000+0  80339-2 0  9992
2 87334  90.0059 271.7373 0065053   3.1882 356.9707 14.16848873429160
UNKNOWN                 
1 87335U          26282.96018996  .00017903  00000+0  85691-2 0  9994
2 87335  89.9944 267.5942 0081629 345.6674  14.2199 14.17223216429502
UNKNOWN                 
1 87405U          26282.69119607  .00001424  00000+0  99077-3 0  9998
2 87405  82.7529 182.5081 0058331 184.6913 175.3717 13.97303312653171
UNKNOWN                 
1 87426U          26279.90363270  .00002302  00000+0  87729-3 0  9995
2 87426  65.7812 244.3279 0053398 148.8427 244.2286 14.31983208665252
UNKNOWN                 
1 87448U          26272.16885184  .00000755  00000+0  63208-3 0  9999
2 87448 100.4314 159.4967 0060662 170.2068 190.0284 13.91330147649613
UNKNOWN                 
1 87456U          26282.53182819  .00009109  00000+0  12805-2 0  9993
2 87456  65.7705   9.4058 0502523 212.1723 144.7775 14.17050746654075
UNKNOWN                 
1 87517U          26283.46385738  .00001293  00000+0  39516-3 0  9994
2 87517  65.8253 216.3734 0657636 161.8814 319.2326 13.63129747634010
UNKNOWN                 
1 87541U          26274.40524457  .00000054  00000+0  18680-3 0  9991
2 87541  99.6721 118.2331 0058968 274.5305 206.4501 13.35682902621109
UNKNOWN                 
1 87553U          26281.19153196  .00000668  00000+0  24698-3 0  9993
2 87553  65.6720 350.4158 0675714  92.9476 274.9055 13.54933553631800
UNKNOWN                 
1 87557U          26283.46165378  .00004625  00000+0  98266-2 0  9992
2 87557 101.8557 185.9861 0076382  53.1499 307.6589 13.30162610605110
UNKNOWN                 
1 87561U          26279.43472946 -.00000114  00000+0 -55916-3 0  9998
2 87561 101.9724 333.2503 0174741 107.5754 268.1512 12.32143855579106
UNKNOWN                 
1 87565U          26282.03189227  .00000609  00000+0  34831-3 0  9999
2 87565  99.9446 308.3190 0171501  77.6975 284.3332 14.06635698658646
UNKNOWN                 
1 87569U          26282.49437594 -.00000029  00000+0  10129-3 0  9997
2 87569 101.9908 116.4932 0055782  23.5101   6.2930 12.68550741596605
UNKNOWN                 
1 87587U          26282.64734550  .00000118  00000+0  45603-4 0  9990
2 87587  74.0222 266.3765 0021361 232.2132 127.7089 14.40191341677122
UNKNOWN                 
1 87590U          26282.05789020  .00000366  00000+0  22839-3 0  9991
2 87590  98.7550 316.8894 0027315 151.6878 237.5647 14.10658058196589
UNKNOWN                 
1 87616U          26281.98558730  .00000420  00000+0  15966-2 0  9996
2 87616  66.0360 278.0668 0628226   9.7697  17.2973 12.47097170573677
UNKNOWN                 
1 87624U          26283.64000022  .00005676  00000+0  83190-3 0  9999
2 87624  98.7107 246.7048 0093789  23.0414 337.4957 14.73047055624682
UNKNOWN                 
1 87650U          26282.92164092  .00008375  00000+0  14830-2 0  9999
2 87650 100.2512 177.2351 0028662 109.2254 251.2048 14.67398712123862
UNKNOWN                 
1 87672U          26278.75246522  .00001368  00000+0  55129-3 0  9990
2 87672  70.8550  84.2981 0055475 178.9909 181.1342 14.28995494666876
UNKNOWN                 
1 87681U          26280.93427720  .00000404  00000+0  48462-3 0  9996
2 87681  66.7350 109.6455 0156928 320.2857  38.6804 13.71608862642864
UNKNOWN                 
1 87690U          26279.42929649  .00004774  00000+0  64863-3 0  9992
2 87690  65.7914 297.7440 0585142 256.6851  96.8372 14.03275224649111
UNKNOWN                 
1 87706U          26283.39052262  .00002008  00000+0  34528-3 0  9992
2 87706  98.6610 128.6299 0102710  51.0301  70.7780 14.66452917622709
UNKNOWN                 
1 87730U          26283.53563414  .00000081  00000+0  69403-4 0  9991
2 87730  82.9493  10.7985 0028792 241.1889 118.6375 13.74548780626791
UNKNOWN                 
1 87737U          26282.43756313  .00000017  00000+0  60825-4 0  9996
2 87737  99.3283 152.0492 0133726 124.9801 236.3987 13.72383464645103
UNKNOWN                 
1 87764U          26283.63770632  .00006164  00000+0  91753-3 0  9991
2 87764  65.6715  47.8756 0365304 282.1798  86.4361 14.39242009662511
UNKNOWN                 
1 87771U          26283.37413349  .00000072  00000+0  28681-3 0  9991
2 87771 100.7196 130.8426 0120244  38.4336 322.5268 13.19590750574879
UNKNOWN                 
1 87782U          26281.21865313  .00002459  00000+0  80055-2 0  9999
2 87782 102.4128 199.0592 0074564 343.1773  16.6853 13.02057020606945
UNKNOWN                 
1 87843U          26283.48210931  .00000990  00000+0  23179-2 0  9990
2 87843  99.6587  17.3752 0230123  17.0507 343.8182 13.17497288603886
UNKNOWN                 
1 87845U          26280.54909701 -.00000578  00000+0 -99644-3 0  9991
2 87845  98.8657 184.9731 0574855 285.5152  68.3212 12.89866144603721
UNKNOWN                 
1 87878U          26272.14167851  .00001586  00000+0  49055-3 0  9995
2 87878  99.1843  57.8758 0035447 131.3988 229.0256 14.42425515653148
UNKNOWN                 
1 87884U          26279.51853774  .00000007  00000+0  27879-4 0  9994
2 87884  98.7426  18.0586 0152783 310.5500  48.2448 14.06150104660218
UNKNOWN                 
1 87934U          26265.76606391  .00000079  00000+0  68649-4 0  9992
2 87934  82.9318  89.8019 0030034 328.6780  42.4572 13.73148579643299
UNKNOWN                 
1 87991U          26264.90973645  .00002963  00000+0  57758-2 0  9990
2 87991  28.6204 150.2500 0889610 170.2341 191.6764 12.35711374558030
UNKNOWN                 
1 89003U          26277.46092297  .00000119  00000+0  49606-4 0  9992
2 89003  74.0480 191.8042 0015594 181.7190 178.3912 14.36362442674004
UNKNOWN                 
1 89005U          26283.26986271  .00002858  00000+0  63870-3 0  9993
2 89005  97.8501  95.3296 0187493 181.7836 178.2712 14.47142591577683
UNKNOWN                 
1 89029U          26282.97774538  .00005508  00000+0  47450-3 0  9998
2 89029  98.0323 195.3278 0022875  49.5827 310.7385 14.97567360696128
UNKNOWN                 
1 89101U          26283.60909353 -.00000294  00000+0 -74923-3 0  9999
2 89101 100.4832 216.0786 0146570 155.2747 205.5475 13.04067361594190
UNKNOWN                 
1 89132U          26267.49562303  .00000225  00000+0  35152-3 0  9995
2 89132  63.4138  77.8065 2916380 319.7833  21.9533  8.88169977350482
UNKNOWN                 
1 89146U          26283.04455807  .00001973  00000+0  35470-3 0  9993
2 89146  98.2629 217.6222 0089157 189.8061 170.1405 14.65262330672972
UNKNOWN                 
1 89172U          26279.04646271  .00006582  00000+0  98314-3 0  9991
2 89172  82.0601 301.3858 0274080  81.2898 281.9236 14.52234351644972
UNKNOWN                 
1 89177U          26283.63287682  .00000055  00000+0  42367-4 0  9990
2 89177  82.9226  45.2859 0032757  24.8783 335.3943 13.73768726104276
UNKNOWN                 
1 89183U          26283.56654186  .00000506  00000+0  47842-3 0  9999
2 89183  99.2062 192.7042 0131275  72.7967 288.7508 13.81902411648658
UNKNOWN                 
1 89184U          26282.64805056  .00032960  00000+0  29412-2 0  9993
2 89184  98.3668 169.8462 0004563 230.8458 129.2356 14.95868135536952
UNKNOWN                 
1 89213U          26282.85468724  .00000393  00000+0  27571-3 0  9996
2 89213  98.7387 144.6693 0227992  19.4630 341.5063 13.91861091494552
UNKNOWN                 
1 89251U          26281.58669869  .00001522  00000+0  94390-3 0  9998
2 89251  62.4906 329.2936 2802074 128.8018 259.8316  9.29828183401019
UNKNOWN                 
1 89261U          26279.21044796  .00000482  00000+0  15443-3 0  9998
2 89261  98.1765 266.3892 0012480 341.2434  18.8295 14.43614228576721
UNKNOWN                 
1 89304U          26283.56983054  .00086665  00000+0  33049-1 0  9995
2 89304  84.0497  18.6756 2824377 304.2725  40.4477  9.35723723466112
UNKNOWN                 
1 89379U          26281.59782111  .00002515  00000+0  31604-2 0  9997
2 89379 100.4896 324.7135 0045008 110.9846 249.6118 13.64774580621653
UNKNOWN                 
1 89395U          26281.86539551  .00000019  00000+0  68946-3 0  9990
2 89395 102.4058 238.8007 0226548 335.8280  49.1184 12.01604200560790
UNKNOWN                 
1 89403U          26283.51738508 -.00000225  00000+0 -78185-3 0  9994
2 89403  90.2562  12.7499 0032306 149.7929 222.4018 12.99082810517009
UNKNOWN                 
1 89493U          26281.66402391  .00001621  00000+0  79461-3 0  9992
2 89493  99.0095 359.6836 0079540 266.8073  92.3999 14.17658786506425
UNKNOWN                 
1 89494U          26281.45011864  .00001520  00000+0  74669-3 0  9994
2 89494  99.0091 359.3074 0080157 267.7119  91.4876 14.17593443506242
